
Cero

0 1 1 1 1 0
1 0 0 0 0 1
1 0 0 0 0 1
1 0 0 0 0 1
1 0 0 0 0 1
1 0 0 0 0 1
0 1 1 1 1 0


1 1 1 1 1 1
1 0 0 0 0 1
1 0 0 0 0 1
1 0 0 0 0 1
1 0 0 0 0 1
1 0 0 0 0 1
1 1 1 1 1 1


0 0 1 1 0 0
0 1 0 0 1 0
1 0 0 0 0 1
1 0 0 0 0 1
1 0 0 0 0 1
0 1 0 0 1 0
0 0 1 1 0 0

Uno

0 0 1 1 0 0
0 0 1 1 0 0
0 0 1 1 0 0
0 0 1 1 0 0
0 0 1 1 0 0
0 0 1 1 0 0
0 0 1 1 0 0


0 0 1 1 0 0
0 1 1 1 0 0
1 0 1 1 0 0
0 0 1 1 0 0
0 0 1 1 0 0
0 0 1 1 0 0
1 1 1 1 1 1


0 0 1 1 0 0
0 1 1 1 0 0
1 1 1 1 0 0
0 0 1 1 0 0
0 0 1 1 0 0
0 0 1 1 0 0
1 1 1 1 1 1


Dos

0 0 1 1 0 0
0 1 1 1 1 0
1 0 0 0 1 1
0 0 1 1 1 0
0 1 1 0 0 0
1 1 0 0 0 0
1 1 1 1 1 1


1 1 1 1 1 1
0 0 0 0 1 1
0 0 0 0 1 1
0 0 1 1 1 0
0 1 1 0 0 0
1 1 0 0 0 0
1 1 1 1 1 1


1 1 1 1 1 1
1 1 0 0 1 1
0 0 0 0 1 1
0 0 1 1 1 0
0 1 1 0 0 0
1 1 0 0 1 1
1 1 1 1 1 1

Tres

1 1 1 1 1 1
0 0 0 0 0 1
0 0 0 0 0 1
1 1 1 1 1 1
0 0 0 0 0 1
0 0 0 0 0 1
1 1 1 1 1 1


0 1 1 1 1 0
1 0 0 0 0 1
0 0 0 0 0 1
0 0 1 1 1 0
0 0 0 0 0 1
1 0 0 0 0 1
0 1 1 1 1 0


0 1 1 1 1 1
1 0 0 0 1 1
0 0 0 0 0 1
0 1 1 1 1 0
0 0 0 0 0 1
1 0 0 0 1 1
0 1 1 1 1 1

Cuatro

1 0 0 0 0 1
1 0 0 0 0 1
1 0 0 0 0 1
1 1 1 1 1 1
0 0 0 0 0 1
0 0 0 0 0 1
0 0 0 0 0 1


0 0 0 0 1 0
0 0 0 1 1 0
0 0 1 0 1 0
0 1 0 0 1 0
1 1 1 1 1 1
0 0 0 0 1 0
0 0 0 0 1 0


0 0 0 1 0 1
0 0 1 0 0 1
0 1 0 0 0 1
1 1 1 1 1 1
0 0 0 0 0 1
0 0 0 0 0 1
0 0 0 0 0 1

Cinco

1 1 1 1 1 1
1 0 0 0 0 0
1 0 0 0 0 0
1 1 1 1 1 1
0 0 0 0 0 1
0 0 0 0 0 1
1 1 1 1 1 1


1 1 1 1 1 1
1 0 0 0 0 0
1 0 0 0 0 0
1 1 1 1 1 0
0 0 0 0 0 1
0 0 0 0 0 1
1 1 1 1 1 0


1 1 1 1 1 1
1 1 0 0 0 0
1 1 0 0 0 0
1 1 1 1 1 0
0 0 0 0 0 1
1 0 0 0 0 1
0 1 1 1 1 0

Seis

1 0 0 0 0 0
1 0 0 0 0 0
1 0 0 0 0 0
1 1 1 1 1 1
1 0 0 0 0 1
1 0 0 0 0 1
1 1 1 1 1 1


0 0 0 0 1 1
0 0 0 1 0 0
0 0 1 0 0 0
0 1 0 1 1 0
1 0 0 0 0 1
0 1 0 0 0 1
0 0 1 1 1 0


0 1 1 1 1 1
1 0 0 0 0 0
1 0 0 0 0 0
1 1 1 1 1 0
1 0 0 0 0 1
1 0 0 0 0 1
0 1 1 1 1 0

Siete

1 1 1 1 1 1
0 0 0 0 0 1
0 0 0 0 1 0
0 0 0 1 0 0
0 0 1 0 0 0
0 1 0 0 0 0
1 0 0 0 0 0


1 1 1 1 1 1
0 0 0 0 0 1
0 0 0 0 1 0
0 1 1 1 1 1
0 0 1 0 0 0
0 1 0 0 0 0
1 0 0 0 0 0


1 1 1 1 1 1
0 0 0 0 1 1
0 0 0 1 1 0
0 0 1 1 0 0
0 0 1 1 0 0
0 1 1 0 0 0
0 1 1 0 0 0

Ocho

0 1 1 1 1 0
1 0 0 0 0 1
1 0 0 0 0 1
0 1 1 1 1 0
1 0 0 0 0 1
1 0 0 0 0 1
0 1 1 1 1 0


1 1 1 1 1 1
1 0 0 0 0 1
1 0 0 0 0 1
1 1 1 1 1 1
1 0 0 0 0 1
1 0 0 0 0 1
1 1 1 1 1 1


0 0 1 1 0 0
0 1 0 0 1 0
0 1 0 0 1 0
0 1 1 1 1 0
1 0 0 0 0 1
1 0 0 0 0 1
0 1 1 1 1 0

Nueve

1 1 1 1 1 1
1 0 0 0 0 1
1 0 0 0 0 1
1 1 1 1 1 1
0 0 0 0 0 1
0 0 0 0 0 1
0 0 0 0 0 1


0 1 1 1 1 0
1 0 0 0 0 1
1 0 0 0 0 1
0 1 1 1 1 0
0 0 0 0 0 1
0 0 0 0 0 1
1 1 1 1 1 0


0 1 1 1 1 0
1 0 0 0 0 1
1 0 0 0 0 1
0 1 1 1 1 0
0 0 0 0 1 0
0 0 0 1 0 0
0 1 1 0 0 0